subject_id,trial_index,casino,visit_in_casino,chosen_machine_label,reward,prob_of_no_loss,outcome_numeric,unchosen_machine_label,prob_of_no_loss_unchosen,counterfactual_reward,counterfactual_outcome_numeric,prompt_used,llm_history_context_turns
21,1,1,1,Z,0,0.25,1,H,0.25,-1,0,"Casino 1, visit 1: Choose Z or H.",1
21,2,4,1,G,0,0.75,1,F,0.75,0,1,"Outcome: You chose Machine Z and experienced a win (Reward: 0). The other machine, Machine H, would have resulted in a loss (Reward: -1).

Casino 4, visit 1: Choose G or F.",2
21,3,4,2,G,0,0.75,1,F,0.75,0,1,"Outcome: You chose Machine G and experienced a win (Reward: 0). The other machine, Machine F, would have resulted in a win (Reward: 0).

Casino 4, visit 2: Choose G or F.",3
21,4,2,1,T,-1,0.75,0,M,0.25,-1,0,"Outcome: You chose Machine G and experienced a win (Reward: 0). The other machine, Machine F, would have resulted in a win (Reward: 0).

Casino 2, visit 1: Choose M or T.",4
21,5,3,1,C,-1,0.25,0,Q,0.75,0,1,"Outcome: You chose Machine T and experienced a loss (Reward: -1). The other machine, Machine M, would have resulted in a loss (Reward: -1).

Casino 3, visit 1: Choose Q or C.",5
21,6,4,3,F,0,0.75,1,G,0.75,-1,0,"Outcome: You chose Machine C and experienced a loss (Reward: -1). The other machine, Machine Q, would have resulted in a win (Reward: 0).

Casino 4, visit 3: Choose G or F.",6
21,7,4,4,F,0,0.75,1,G,0.75,0,1,"Outcome: You chose Machine F and experienced a win (Reward: 0). The other machine, Machine G, would have resulted in a loss (Reward: -1).

Casino 4, visit 4: Choose G or F.",7
21,8,2,2,M,0,0.25,1,T,0.75,0,1,"Outcome: You chose Machine F and experienced a win (Reward: 0). The other machine, Machine G, would have resulted in a win (Reward: 0).

Casino 2, visit 2: Choose M or T.",8
21,9,1,2,Z,0,0.25,1,H,0.25,-1,0,"Outcome: You chose Machine M and experienced a win (Reward: 0). The other machine, Machine T, would have resulted in a win (Reward: 0).

Casino 1, visit 2: Choose Z or H.",9
21,10,4,5,F,0,0.75,1,G,0.75,0,1,"Outcome: You chose Machine Z and experienced a win (Reward: 0). The other machine, Machine H, would have resulted in a loss (Reward: -1).

Casino 4, visit 5: Choose G or F.",10
21,11,1,3,Z,0,0.25,1,H,0.25,0,1,"Outcome: You chose Machine F and experienced a win (Reward: 0). The other machine, Machine G, would have resulted in a win (Reward: 0).

Casino 1, visit 3: Choose Z or H.",11
21,12,1,4,Z,-1,0.25,0,H,0.25,0,1,"Outcome: You chose Machine Z and experienced a win (Reward: 0). The other machine, Machine H, would have resulted in a win (Reward: 0).

Casino 1, visit 4: Choose Z or H.",12
21,13,2,3,M,-1,0.25,0,T,0.75,0,1,"Outcome: You chose Machine Z and experienced a loss (Reward: -1). The other machine, Machine H, would have resulted in a win (Reward: 0).

Casino 2, visit 3: Choose M or T.",13
21,14,3,2,Q,0,0.75,1,C,0.25,-1,0,"Outcome: You chose Machine M and experienced a loss (Reward: -1). The other machine, Machine T, would have resulted in a win (Reward: 0).

Casino 3, visit 2: Choose Q or C.",14
21,15,3,3,Q,0,0.75,1,C,0.25,-1,0,"Outcome: You chose Machine Q and experienced a win (Reward: 0). The other machine, Machine C, would have resulted in a loss (Reward: -1).

Casino 3, visit 3: Choose Q or C.",15
21,16,1,5,Z,-1,0.25,0,H,0.25,-1,0,"Outcome: You chose Machine Q and experienced a win (Reward: 0). The other machine, Machine C, would have resulted in a loss (Reward: -1).

Casino 1, visit 5: Choose Z or H.",16
21,17,3,4,Q,0,0.75,1,C,0.25,-1,0,"Outcome: You chose Machine Z and experienced a loss (Reward: -1). The other machine, Machine H, would have resulted in a loss (Reward: -1).

Casino 3, visit 4: Choose Q or C.",17
21,18,2,4,M,-1,0.25,0,T,0.75,-1,0,"Outcome: You chose Machine Q and experienced a win (Reward: 0). The other machine, Machine C, would have resulted in a loss (Reward: -1).

Casino 2, visit 4: Choose M or T.",18
21,19,1,6,Z,-1,0.25,0,H,0.25,-1,0,"Outcome: You chose Machine M and experienced a loss (Reward: -1). The other machine, Machine T, would have resulted in a loss (Reward: -1).

Casino 1, visit 6: Choose Z or H.",19
21,20,4,6,F,0,0.75,1,G,0.75,0,1,"Outcome: You chose Machine Z and experienced a loss (Reward: -1). The other machine, Machine H, would have resulted in a loss (Reward: -1).

Casino 4, visit 6: Choose G or F.",20
21,21,3,5,Q,0,0.75,1,C,0.25,-1,0,"Outcome: You chose Machine F and experienced a win (Reward: 0). The other machine, Machine G, would have resulted in a win (Reward: 0).

Casino 3, visit 5: Choose Q or C.",21
21,22,3,6,Q,-1,0.75,0,C,0.25,-1,0,"Outcome: You chose Machine Q and experienced a win (Reward: 0). The other machine, Machine C, would have resulted in a loss (Reward: -1).

Casino 3, visit 6: Choose Q or C.",22
21,23,1,7,Z,-1,0.25,0,H,0.25,-1,0,"Outcome: You chose Machine Q and experienced a loss (Reward: -1). The other machine, Machine C, would have resulted in a loss (Reward: -1).

Casino 1, visit 7: Choose Z or H.",23
21,24,3,7,Q,-1,0.75,0,C,0.25,-1,0,"Outcome: You chose Machine Z and experienced a loss (Reward: -1). The other machine, Machine H, would have resulted in a loss (Reward: -1).

Casino 3, visit 7: Choose Q or C.",24
21,25,3,8,Q,0,0.75,1,C,0.25,-1,0,"Outcome: You chose Machine Q and experienced a loss (Reward: -1). The other machine, Machine C, would have resulted in a loss (Reward: -1).

Casino 3, visit 8: Choose Q or C.",25
21,26,3,9,Q,0,0.75,1,C,0.25,0,1,"Outcome: You chose Machine Q and experienced a win (Reward: 0). The other machine, Machine C, would have resulted in a loss (Reward: -1).

Casino 3, visit 9: Choose Q or C.",26
21,27,4,7,F,-1,0.75,0,G,0.75,0,1,"Outcome: You chose Machine Q and experienced a win (Reward: 0). The other machine, Machine C, would have resulted in a win (Reward: 0).

Casino 4, visit 7: Choose G or F.",27
21,28,4,8,G,0,0.75,1,F,0.75,0,1,"Outcome: You chose Machine F and experienced a loss (Reward: -1). The other machine, Machine G, would have resulted in a win (Reward: 0).

Casino 4, visit 8: Choose G or F.",28
21,29,2,5,M,0,0.25,1,T,0.75,0,1,"Outcome: You chose Machine G and experienced a win (Reward: 0). The other machine, Machine F, would have resulted in a win (Reward: 0).

Casino 2, visit 5: Choose M or T.",29
21,30,4,9,G,-1,0.75,0,F,0.75,0,1,"Outcome: You chose Machine M and experienced a win (Reward: 0). The other machine, Machine T, would have resulted in a win (Reward: 0).

Casino 4, visit 9: Choose G or F.",30
21,31,2,6,M,-1,0.25,0,T,0.75,0,1,"Outcome: You chose Machine G and experienced a loss (Reward: -1). The other machine, Machine F, would have resulted in a win (Reward: 0).

Casino 2, visit 6: Choose M or T.",31
21,32,1,8,Z,-1,0.25,0,H,0.25,-1,0,"Outcome: You chose Machine M and experienced a loss (Reward: -1). The other machine, Machine T, would have resulted in a win (Reward: 0).

Casino 1, visit 8: Choose Z or H.",32
21,33,2,7,M,0,0.25,1,T,0.75,-1,0,"Outcome: You chose Machine Z and experienced a loss (Reward: -1). The other machine, Machine H, would have resulted in a loss (Reward: -1).

Casino 2, visit 7: Choose M or T.",33
21,34,4,10,F,-1,0.75,0,G,0.75,0,1,"Outcome: You chose Machine M and experienced a win (Reward: 0). The other machine, Machine T, would have resulted in a loss (Reward: -1).

Casino 4, visit 10: Choose G or F.",34
21,35,1,9,Z,-1,0.25,0,H,0.25,-1,0,"Outcome: You chose Machine F and experienced a loss (Reward: -1). The other machine, Machine G, would have resulted in a win (Reward: 0).

Casino 1, visit 9: Choose Z or H.",35
21,36,4,11,G,0,0.75,1,F,0.75,0,1,"Outcome: You chose Machine Z and experienced a loss (Reward: -1). The other machine, Machine H, would have resulted in a loss (Reward: -1).

Casino 4, visit 11: Choose G or F.",36
21,37,2,8,M,0,0.25,1,T,0.75,-1,0,"Outcome: You chose Machine G and experienced a win (Reward: 0). The other machine, Machine F, would have resulted in a win (Reward: 0).

Casino 2, visit 8: Choose M or T.",37
21,38,2,9,M,-1,0.25,0,T,0.75,-1,0,"Outcome: You chose Machine M and experienced a win (Reward: 0). The other machine, Machine T, would have resulted in a loss (Reward: -1).

Casino 2, visit 9: Choose M or T.",38
21,39,3,10,Q,-1,0.75,0,C,0.25,0,1,"Outcome: You chose Machine M and experienced a loss (Reward: -1). The other machine, Machine T, would have resulted in a loss (Reward: -1).

Casino 3, visit 10: Choose Q or C.",39
21,40,1,10,Z,-1,0.25,0,H,0.25,-1,0,"Outcome: You chose Machine Q and experienced a loss (Reward: -1). The other machine, Machine C, would have resulted in a win (Reward: 0).

Casino 1, visit 10: Choose Z or H.",40
21,41,3,11,Q,0,0.75,1,C,0.25,-1,0,"Outcome: You chose Machine Z and experienced a loss (Reward: -1). The other machine, Machine H, would have resulted in a loss (Reward: -1).

Casino 3, visit 11: Choose Q or C.",41
21,42,4,12,G,0,0.75,1,F,0.75,-1,0,"Outcome: You chose Machine Q and experienced a win (Reward: 0). The other machine, Machine C, would have resulted in a loss (Reward: -1).

Casino 4, visit 12: Choose G or F.",42
21,43,1,11,Z,-1,0.25,0,H,0.25,0,1,"Outcome: You chose Machine G and experienced a win (Reward: 0). The other machine, Machine F, would have resulted in a loss (Reward: -1).

Casino 1, visit 11: Choose Z or H.",43
21,44,4,13,G,0,0.75,1,F,0.75,-1,0,"Outcome: You chose Machine Z and experienced a loss (Reward: -1). The other machine, Machine H, would have resulted in a win (Reward: 0).

Casino 4, visit 13: Choose G or F.",44
21,45,3,12,Q,-1,0.75,0,C,0.25,-1,0,"Outcome: You chose Machine G and experienced a win (Reward: 0). The other machine, Machine F, would have resulted in a loss (Reward: -1).

Casino 3, visit 12: Choose Q or C.",45
21,46,2,10,M,0,0.25,1,T,0.75,0,1,"Outcome: You chose Machine Q and experienced a loss (Reward: -1). The other machine, Machine C, would have resulted in a loss (Reward: -1).

Casino 2, visit 10: Choose M or T.",46
21,47,4,14,G,0,0.75,1,F,0.75,0,1,"Outcome: You chose Machine M and experienced a win (Reward: 0). The other machine, Machine T, would have resulted in a win (Reward: 0).

Casino 4, visit 14: Choose G or F.",47
21,48,4,15,G,0,0.75,1,F,0.75,0,1,"Outcome: You chose Machine G and experienced a win (Reward: 0). The other machine, Machine F, would have resulted in a win (Reward: 0).

Casino 4, visit 15: Choose G or F.",48
21,49,1,12,Z,0,0.25,1,H,0.25,-1,0,"Outcome: You chose Machine G and experienced a win (Reward: 0). The other machine, Machine F, would have resulted in a win (Reward: 0).

Casino 1, visit 12: Choose Z or H.",49
21,50,3,13,Q,0,0.75,1,C,0.25,-1,0,"Outcome: You chose Machine Z and experienced a win (Reward: 0). The other machine, Machine H, would have resulted in a loss (Reward: -1).

Casino 3, visit 13: Choose Q or C.",50
21,51,1,13,Z,-1,0.25,0,H,0.25,0,1,"Outcome: You chose Machine Q and experienced a win (Reward: 0). The other machine, Machine C, would have resulted in a loss (Reward: -1).

Casino 1, visit 13: Choose Z or H.",51
21,52,4,16,G,0,0.75,1,F,0.75,0,1,"Outcome: You chose Machine Z and experienced a loss (Reward: -1). The other machine, Machine H, would have resulted in a win (Reward: 0).

Casino 4, visit 16: Choose G or F.",52
21,53,2,11,M,-1,0.25,0,T,0.75,-1,0,"Outcome: You chose Machine G and experienced a win (Reward: 0). The other machine, Machine F, would have resulted in a win (Reward: 0).

Casino 2, visit 11: Choose M or T.",53
21,54,3,14,Q,-1,0.75,0,C,0.25,-1,0,"Outcome: You chose Machine M and experienced a loss (Reward: -1). The other machine, Machine T, would have resulted in a loss (Reward: -1).

Casino 3, visit 14: Choose Q or C.",54
21,55,1,14,Z,-1,0.25,0,H,0.25,-1,0,"Outcome: You chose Machine Q and experienced a loss (Reward: -1). The other machine, Machine C, would have resulted in a loss (Reward: -1).

Casino 1, visit 14: Choose Z or H.",55
21,56,2,12,M,-1,0.25,0,T,0.75,-1,0,"Outcome: You chose Machine Z and experienced a loss (Reward: -1). The other machine, Machine H, would have resulted in a loss (Reward: -1).

Casino 2, visit 12: Choose M or T.",56
21,57,2,13,M,-1,0.25,0,T,0.75,0,1,"Outcome: You chose Machine M and experienced a loss (Reward: -1). The other machine, Machine T, would have resulted in a loss (Reward: -1).

Casino 2, visit 13: Choose M or T.",57
21,58,1,15,Z,-1,0.25,0,H,0.25,-1,0,"Outcome: You chose Machine M and experienced a loss (Reward: -1). The other machine, Machine T, would have resulted in a win (Reward: 0).

Casino 1, visit 15: Choose Z or H.",58
21,59,1,16,Z,0,0.25,1,H,0.25,0,1,"Outcome: You chose Machine Z and experienced a loss (Reward: -1). The other machine, Machine H, would have resulted in a loss (Reward: -1).

Casino 1, visit 16: Choose Z or H.",59
21,60,1,17,Z,-1,0.25,0,H,0.25,0,1,"Outcome: You chose Machine Z and experienced a win (Reward: 0). The other machine, Machine H, would have resulted in a win (Reward: 0).

Casino 1, visit 17: Choose Z or H.",60
21,61,2,14,M,-1,0.25,0,T,0.75,0,1,"Outcome: You chose Machine Z and experienced a loss (Reward: -1). The other machine, Machine H, would have resulted in a win (Reward: 0).

Casino 2, visit 14: Choose M or T.",61
21,62,2,15,T,0,0.75,1,M,0.25,0,1,"Outcome: You chose Machine M and experienced a loss (Reward: -1). The other machine, Machine T, would have resulted in a win (Reward: 0).

Casino 2, visit 15: Choose M or T.",62
21,63,3,15,Q,0,0.75,1,C,0.25,0,1,"Outcome: You chose Machine T and experienced a win (Reward: 0). The other machine, Machine M, would have resulted in a win (Reward: 0).

Casino 3, visit 15: Choose Q or C.",63
21,64,1,18,Z,-1,0.25,0,H,0.25,-1,0,"Outcome: You chose Machine Q and experienced a win (Reward: 0). The other machine, Machine C, would have resulted in a win (Reward: 0).

Casino 1, visit 18: Choose Z or H.",64
21,65,3,16,Q,-1,0.75,0,C,0.25,-1,0,"Outcome: You chose Machine Z and experienced a loss (Reward: -1). The other machine, Machine H, would have resulted in a loss (Reward: -1).

Casino 3, visit 16: Choose Q or C.",65
21,66,2,16,T,0,0.75,1,M,0.25,-1,0,"Outcome: You chose Machine Q and experienced a loss (Reward: -1). The other machine, Machine C, would have resulted in a loss (Reward: -1).

Casino 2, visit 16: Choose M or T.",66
21,67,3,17,Q,0,0.75,1,C,0.25,-1,0,"Outcome: You chose Machine T and experienced a win (Reward: 0). The other machine, Machine M, would have resulted in a loss (Reward: -1).

Casino 3, visit 17: Choose Q or C.",67
21,68,3,18,Q,0,0.75,1,C,0.25,0,1,"Outcome: You chose Machine Q and experienced a win (Reward: 0). The other machine, Machine C, would have resulted in a loss (Reward: -1).

Casino 3, visit 18: Choose Q or C.",68
21,69,4,17,G,-1,0.75,0,F,0.75,0,1,"Outcome: You chose Machine Q and experienced a win (Reward: 0). The other machine, Machine C, would have resulted in a win (Reward: 0).

Casino 4, visit 17: Choose G or F.",69
21,70,3,19,Q,0,0.75,1,C,0.25,0,1,"Outcome: You chose Machine G and experienced a loss (Reward: -1). The other machine, Machine F, would have resulted in a win (Reward: 0).

Casino 3, visit 19: Choose Q or C.",70
21,71,2,17,T,0,0.75,1,M,0.25,-1,0,"Outcome: You chose Machine Q and experienced a win (Reward: 0). The other machine, Machine C, would have resulted in a win (Reward: 0).

Casino 2, visit 17: Choose M or T.",71
21,72,4,18,F,-1,0.75,0,G,0.75,0,1,"Outcome: You chose Machine T and experienced a win (Reward: 0). The other machine, Machine M, would have resulted in a loss (Reward: -1).

Casino 4, visit 18: Choose G or F.",72
21,73,2,18,T,0,0.75,1,M,0.25,-1,0,"Outcome: You chose Machine F and experienced a loss (Reward: -1). The other machine, Machine G, would have resulted in a win (Reward: 0).

Casino 2, visit 18: Choose M or T.",73
21,74,4,19,G,0,0.75,1,F,0.75,-1,0,"Outcome: You chose Machine T and experienced a win (Reward: 0). The other machine, Machine M, would have resulted in a loss (Reward: -1).

Casino 4, visit 19: Choose G or F.",74
21,75,4,20,G,0,0.75,1,F,0.75,0,1,"Outcome: You chose Machine G and experienced a win (Reward: 0). The other machine, Machine F, would have resulted in a loss (Reward: -1).

Casino 4, visit 20: Choose G or F.",75
21,76,4,21,G,0,0.75,1,F,0.75,0,1,"Outcome: You chose Machine G and experienced a win (Reward: 0). The other machine, Machine F, would have resulted in a win (Reward: 0).

Casino 4, visit 21: Choose G or F.",76
21,77,2,19,T,0,0.75,1,M,0.25,-1,0,"Outcome: You chose Machine G and experienced a win (Reward: 0). The other machine, Machine F, would have resulted in a win (Reward: 0).

Casino 2, visit 19: Choose M or T.",77
21,78,2,20,T,-1,0.75,0,M,0.25,0,1,"Outcome: You chose Machine T and experienced a win (Reward: 0). The other machine, Machine M, would have resulted in a loss (Reward: -1).

Casino 2, visit 20: Choose M or T.",78
21,79,2,21,M,0,0.25,1,T,0.75,0,1,"Outcome: You chose Machine T and experienced a loss (Reward: -1). The other machine, Machine M, would have resulted in a win (Reward: 0).

Casino 2, visit 21: Choose M or T.",79
21,80,2,22,M,0,0.25,1,T,0.75,-1,0,"Outcome: You chose Machine M and experienced a win (Reward: 0). The other machine, Machine T, would have resulted in a win (Reward: 0).

Casino 2, visit 22: Choose M or T.",80
21,81,1,19,Z,-1,0.25,0,H,0.25,-1,0,"Outcome: You chose Machine M and experienced a win (Reward: 0). The other machine, Machine T, would have resulted in a loss (Reward: -1).

Casino 1, visit 19: Choose Z or H.",81
21,82,2,23,M,-1,0.25,0,T,0.75,0,1,"Outcome: You chose Machine Z and experienced a loss (Reward: -1). The other machine, Machine H, would have resulted in a loss (Reward: -1).

Casino 2, visit 23: Choose M or T.",82
21,83,4,22,G,0,0.75,1,F,0.75,0,1,"Outcome: You chose Machine M and experienced a loss (Reward: -1). The other machine, Machine T, would have resulted in a win (Reward: 0).

Casino 4, visit 22: Choose G or F.",83
21,84,1,20,Z,0,0.25,1,H,0.25,-1,0,"Outcome: You chose Machine G and experienced a win (Reward: 0). The other machine, Machine F, would have resulted in a win (Reward: 0).

Casino 1, visit 20: Choose Z or H.",84
21,85,1,21,Z,-1,0.25,0,H,0.25,0,1,"Outcome: You chose Machine Z and experienced a win (Reward: 0). The other machine, Machine H, would have resulted in a loss (Reward: -1).

Casino 1, visit 21: Choose Z or H.",85
21,86,3,20,Q,-1,0.75,0,C,0.25,0,1,"Outcome: You chose Machine Z and experienced a loss (Reward: -1). The other machine, Machine H, would have resulted in a win (Reward: 0).

Casino 3, visit 20: Choose Q or C.",86
21,87,1,22,Z,0,0.25,1,H,0.25,-1,0,"Outcome: You chose Machine Q and experienced a loss (Reward: -1). The other machine, Machine C, would have resulted in a win (Reward: 0).

Casino 1, visit 22: Choose Z or H.",87
21,88,3,21,Q,0,0.75,1,C,0.25,-1,0,"Outcome: You chose Machine Z and experienced a win (Reward: 0). The other machine, Machine H, would have resulted in a loss (Reward: -1).

Casino 3, visit 21: Choose Q or C.",88
21,89,3,22,Q,-1,0.75,0,C,0.25,0,1,"Outcome: You chose Machine Q and experienced a win (Reward: 0). The other machine, Machine C, would have resulted in a loss (Reward: -1).

Casino 3, visit 22: Choose Q or C.",89
21,90,2,24,T,-1,0.75,0,M,0.25,-1,0,"Outcome: You chose Machine Q and experienced a loss (Reward: -1). The other machine, Machine C, would have resulted in a win (Reward: 0).

Casino 2, visit 24: Choose M or T.",90
21,91,3,23,Q,-1,0.75,0,C,0.25,0,1,"Outcome: You chose Machine T and experienced a loss (Reward: -1). The other machine, Machine M, would have resulted in a loss (Reward: -1).

Casino 3, visit 23: Choose Q or C.",91
21,92,4,23,G,-1,0.75,0,F,0.75,0,1,"Outcome: You chose Machine Q and experienced a loss (Reward: -1). The other machine, Machine C, would have resulted in a win (Reward: 0).

Casino 4, visit 23: Choose G or F.",92
21,93,1,23,Z,-1,0.25,0,H,0.25,-1,0,"Outcome: You chose Machine G and experienced a loss (Reward: -1). The other machine, Machine F, would have resulted in a win (Reward: 0).

Casino 1, visit 23: Choose Z or H.",93
21,94,4,24,F,-1,0.75,0,G,0.75,0,1,"Outcome: You chose Machine Z and experienced a loss (Reward: -1). The other machine, Machine H, would have resulted in a loss (Reward: -1).

Casino 4, visit 24: Choose G or F.",94
21,95,3,24,Q,-1,0.75,0,C,0.25,-1,0,"Outcome: You chose Machine F and experienced a loss (Reward: -1). The other machine, Machine G, would have resulted in a win (Reward: 0).

Casino 3, visit 24: Choose Q or C.",95
21,96,1,24,Z,0,0.25,1,H,0.25,-1,0,"Outcome: You chose Machine Q and experienced a loss (Reward: -1). The other machine, Machine C, would have resulted in a loss (Reward: -1).

Casino 1, visit 24: Choose Z or H.",96
